1 1 1 1 25 70
1 1 1 2 13 48
1 1 1 3 15 54
1 1 1 4 22 51
1 1 1 5 19 52
1 2 1 1 15 67
1 2 1 2 10 49
1 2 1 3 15 71
1 2 1 4 35 87
1 2 1 5 10 50
1 1 2 1 35 79
1 1 2 2 45 79
1 1 2 3 107 142
1 1 2 4 33 71
1 1 2 5 56 91
1 2 2 1 20 67
1 2 2 2 35 69
1 2 2 3 38 74
1 2 2 4 29 57
1 2 2 5 29 60
1 1 3 2 29 63
1 1 3 3 20 50
1 1 3 4 17 56
1 1 3 5 18 50
1 2 3 1 0 45
1 2 3 2 20 55
1 2 3 3 13 53
1 2 3 4 37 76
1 2 3 5 36 69
1 1 4 2 16 55
1 1 4 3 36 64
1 1 4 4 25 58
1 1 4 5 16 45
1 2 4 1 11 42
1 2 4 2 19 50
1 2 4 3 16 47
1 2 4 4 15 47
1 2 4 5 25 51
1 1 5 1 31 82
1 1 5 2 32 85
1 1 5 3 9 46
1 1 5 4 26 53
1 1 5 5 50 75
1 2 5 2 5 30
1 1 6 1 20 51
1 1 6 2 16 55
1 1 6 3 16 53
1 1 6 4 22 57
1 1 6 5 20 58
1 2 6 1 26 58
1 2 6 2 20 50
1 2 6 3 26 60
1 2 6 4 18 58
1 2 6 5 21 70
1 1 7 1 17 80
1 1 7 3 19 78
1 1 7 4 22 73
1 1 7 5 23 82
1 2 7 1 21 55
1 2 7 2 16 54
1 2 7 3 20 54
1 2 7 4 17 50
1 2 7 5 44 72
1 1 8 1 28 68
1 1 8 2 26 60
1 1 8 3 30 84
1 1 8 4 34 81
1 1 8 5 34 87
1 2 8 1 48 83
1 2 8 2 25 63
1 2 8 3 23 57
1 2 8 4 18 54
1 2 8 5 48 78
1 1 9 1 41 81
1 1 9 2 21 78
1 1 9 3 35 80
1 1 9 4 46 101
1 1 9 5 25 78
1 2 9 1 24 78
1 2 9 2 26 85
1 2 9 3 33 64
1 2 9 4 35 75
1 2 9 5 22 68
1 1 10 1 45 120
1 1 10 2 25 90
1 1 10 3 25 96
1 1 10 4 28 89
1 1 10 5 22 70
1 2 10 1 18 55
1 2 10 2 18 40
1 2 10 3 27 72
1 2 10 4 65 100
1 2 10 5 50 77
1 1 11 1 65 214
1 1 11 2 30 91
1 1 11 3 17 87
1 1 11 4 26 100
1 1 11 5 25 86
1 2 11 1 14 52
1 2 11 2 30 69
1 2 11 3 35 73
1 2 11 4 24 51
1 2 11 5 17 54
1 1 12 1 44 103
1 1 12 2 38 82
1 1 12 3 34 78
1 1 12 4 35 76
1 1 12 5 49 96
1 2 12 1 50 80
1 2 12 2 31 73
1 2 12 3 29 70
1 2 12 4 23 50
1 2 12 5 23 51
1 1 13 1 62 162
1 1 13 5 20 63
1 2 13 1 26 53
1 2 13 2 16 45
1 2 13 3 10 44
1 2 13 4 15 33
1 2 13 5 27 52
1 1 14 1 14 34
1 1 14 2 15 37
1 1 14 3 11 33
1 1 14 4 13 30
1 1 14 5 28 53
1 2 14 1 15 33
1 2 14 2 20 40
1 2 14 3 9 26
1 2 14 4 15 38
1 2 14 5 9 25
1 1 15 1 44 99
1 1 15 2 6 55
1 1 15 3 12 64
1 1 15 4 20 78
1 1 15 5 14 65
1 2 15 1 23 74
1 2 15 2 16 55
1 2 15 3 20 60
1 2 15 4 53 96
1 2 15 5 16 58
1 1 16 1 27 62
1 1 16 2 34 77
1 1 16 3 12 43
1 1 16 4 15 40
1 1 16 5 30 61
1 2 16 1 19 41
1 2 16 2 17 42
1 2 16 3 43 67
1 2 16 4 29 50
1 2 16 5 27 52
1 1 17 1 39 117
1 1 17 2 37 106
1 1 17 3 36 111
1 1 17 4 59 136
1 1 17 5 50 142
1 2 17 1 37 73
1 2 17 2 20 54
1 2 17 3 30 65
1 2 17 4 20 61
1 2 17 5 45 94
1 1 18 1 37 116
1 1 18 2 33 58
1 1 18 3 20 40
1 1 18 4 17 39
1 1 18 5 17 33
1 2 18 1 17 40
1 2 18 2 18 45
1 2 18 3 17 46
1 2 18 4 19 50
1 2 18 5 19 40
1 1 19 1 55 160
1 1 19 2 31 102
1 1 19 3 35 99
1 1 19 4 24 87
1 1 19 5 29 94
1 2 19 1 20 61
1 2 19 2 33 75
1 2 19 3 26 65
1 2 19 4 12 68
1 2 19 5 20 60
1 1 20 1 34 83
1 1 20 2 35 85
1 1 20 3 17 65
1 1 20 4 15 55
1 1 20 5 17 57
1 2 20 1 13 38
1 2 20 2 15 48
1 2 20 3 16 52
1 2 20 4 22 56
1 2 20 5 16 53
2 1 1 1 16 43
2 1 1 2 25 52
2 1 1 3 18 42
2 1 1 4 13 39
2 1 1 5 23 52
2 2 1 1 27 41
2 2 1 2 18 43
2 2 1 3 39 64
2 2 1 4 21 38
2 2 1 5 23 42
2 1 2 1 34 71
2 1 2 2 43 66
2 1 2 3 48 78
2 1 2 4 123 157
2 1 2 5 46 81
2 2 2 1 35 50
2 2 2 2 28 50
2 2 2 3 38 53
2 2 2 4 28 45
2 2 2 5 32 46
2 1 3 1 24 49
2 1 3 2 27 55
2 1 3 3 35 61
2 1 3 4 45 72
2 1 3 5 23 57
2 2 3 1 18 39
2 2 3 2 22 43
2 2 3 3 19 35
2 2 3 4 22 39
2 2 3 5 16 30
2 1 4 1 18 38
2 1 4 2 16 38
2 1 4 3 17 39
2 1 4 4 23 36
2 1 4 5 17 38
2 2 4 1 28 37
2 2 4 2 38 50
2 2 4 3 22 38
2 2 4 4 36 55
2 2 4 5 24 37
2 1 5 1 28 51
2 1 5 2 27 52
2 1 5 3 24 47
2 1 5 4 27 52
2 1 5 5 34 51
2 2 5 1 14 47
2 2 5 2 44 59
2 2 5 3 14 49
2 2 5 4 13 44
2 2 5 5 18 49
2 1 6 1 61 93
2 1 6 2 25 61
2 1 6 3 22 64
2 1 6 4 35 75
2 1 6 5 12 49
2 2 6 1 53 79
2 2 6 2 37 57
2 2 6 3 41 67
2 2 6 4 32 57
2 2 6 5 35 64
2 1 7 1 19 58
2 1 7 2 12 48
2 1 7 3 33 72
2 1 7 4 23 61
2 1 7 5 18 58
2 2 7 1 45 73
2 2 7 2 37 81
2 2 7 3 35 69
2 2 7 4 33 77
2 2 7 5 41 76
2 1 8 1 40 73
2 1 8 2 29 62
2 1 8 3 39 76
2 1 8 4 39 71
2 1 8 5 39 73
2 2 8 1 17 46
2 2 8 2 37 63
2 2 8 3 37 62
2 2 8 4 18 40
2 2 8 5 25 48
2 1 9 1 35 61
2 1 9 2 19 51
2 1 9 3 27 55
2 1 9 4 19 53
2 1 9 5 25 60
2 2 9 1 17 51
2 2 9 2 24 52
2 2 9 3 25 61
2 2 9 4 31 61
2 2 9 5 47 91
2 1 10 1 39 82
2 1 10 2 30 77
2 1 10 3 30 83
2 1 10 4 22 65
2 1 10 5 29 81
2 2 10 1 26 60
2 2 10 2 51 91
2 2 10 3 29 66
2 2 10 4 63 94
2 2 10 5 56 93
2 1 11 1 30 73
2 1 11 2 31 66
2 1 11 3 20 50
2 1 11 4 18 55
2 1 11 5 33 60
2 2 11 1 20 36
2 2 11 2 91 111
2 2 11 3 34 52
2 2 11 4 27 43
2 2 11 5 30 52
2 1 12 1 35 67
2 1 12 2 25 57
2 1 12 3 22 49
2 1 12 4 25 64
2 1 12 5 42 69
2 2 12 1 34 50
2 2 12 2 52 64
2 2 12 3 35 49
2 2 12 4 30 50
2 2 12 5 31 51
2 1 13 1 35 78
2 1 13 2 21 55
2 1 13 3 15 55
2 1 13 4 21 71
2 1 13 5 18 60
2 2 13 1 15 42
2 2 13 2 17 53
2 2 13 3 18 48
2 2 13 4 21 49
2 2 13 5 30 54
2 1 14 1 42 63
2 1 14 2 32 51
2 1 14 3 51 73
2 1 14 4 25 47
2 1 14 5 0 49
2 2 14 1 41 56
2 2 14 2 22 35
2 2 14 3 16 29
2 2 14 4 22 31
2 2 14 5 24 36
2 1 15 1 23 52
2 1 15 2 18 51
2 1 15 3 24 63
2 1 15 4 20 56
2 1 15 5 33 75
2 2 15 1 21 47
2 2 15 2 22 48
2 2 15 3 22 46
2 2 15 4 36 57
2 2 15 5 23 49
2 1 16 1 20 49
2 1 16 2 18 43
2 1 16 3 19 39
2 1 16 4 23 42
2 1 16 5 27 46
2 2 16 1 33 49
2 2 16 2 24 35
2 2 16 3 28 41
2 2 16 4 29 47
2 2 16 5 41 57
2 1 17 1 17 43
2 1 17 2 11 39
2 1 17 3 12 31
2 1 17 4 15 37
2 1 17 5 33 59
2 2 17 1 26 44
2 2 17 2 14 30
2 2 17 3 15 33
2 2 17 4 15 31
2 2 17 5 11 29
2 1 18 1 17 37
2 1 18 2 14 31
2 1 18 3 18 32
2 1 18 4 35 51
2 1 18 5 16 35
2 2 18 1 17 34
2 2 18 2 15 29
2 2 18 3 11 27
2 2 18 4 20 34
2 2 18 5 15 32
2 1 19 1 26 81
2 1 19 2 23 72
2 1 19 3 26 70
2 1 19 4 49 80
2 1 19 5 35 71
2 2 19 1 29 55
2 2 19 2 24 51
2 2 19 3 23 54
2 2 19 4 38 62
2 2 19 5 27 60
2 1 20 1 23 45
2 1 20 2 17 42
2 1 20 3 25 51
2 1 20 4 3 40
2 1 20 5 21 50
2 2 20 1 21 44
2 2 20 2 19 45
2 2 20 3 19 44
2 2 20 4 18 39
2 2 20 5 12 34
3 1 1 1 58 76
3 1 1 2 43 71
3 1 1 3 50 87
3 1 1 4 57 84
3 1 1 5 68 95
3 2 1 1 37 62
3 2 1 2 32 58
3 2 1 3 56 82
3 2 1 4 38 63
3 2 1 5 49 74
3 1 2 1 199 242
3 1 2 2 91 135
3 1 2 3 102 157
3 1 2 4 84 132
3 1 2 5 94 143
3 2 2 1 111 163
3 2 2 2 110 161
3 2 2 3 88 120
3 2 2 4 121 173
3 2 2 5 60 110
3 1 3 1 33 63
3 1 3 2 48 82
3 1 3 3 54 88
3 1 3 4 32 60
3 1 3 5 41 64
3 2 3 1 39 59
3 2 3 2 32 55
3 2 3 3 42 63
3 2 3 4 45 77
3 2 3 5 53 87
3 1 4 1 6 38
3 1 4 2 34 62
3 1 4 3 38 63
3 1 4 4 43 66
3 1 4 5 20 43
3 2 4 1 30 55
3 2 4 2 34 54
3 2 4 3 44 65
3 2 4 4 37 60
3 2 4 5 30 53
3 1 5 1 98 121
3 1 5 2 54 74
3 1 5 3 64 86
3 1 5 4 69 92
3 1 5 5 74 98
3 2 5 1 37 56
3 2 5 2 64 94
3 2 5 3 50 75
3 2 5 4 44 62
3 2 5 5 49 71
3 1 6 1 68 85
3 1 6 2 55 72
3 1 6 3 62 79
3 1 6 4 78 92
3 1 6 5 67 87
3 2 6 1 74 98
3 2 6 2 53 72
3 2 6 3 75 92
3 2 6 4 63 84
3 2 6 5 74 94
3 1 7 1 68 108
3 1 7 2 68 97
3 1 7 3 72 104
3 1 7 4 67 100
3 1 7 5 66 102
3 2 7 1 60 91
3 2 7 2 69 103
3 2 7 3 86 102
3 2 7 4 71 119
3 2 7 5 73 118
3 1 8 1 50 88
3 1 8 2 51 85
3 1 8 3 41 79
3 1 8 4 45 90
3 1 8 5 21 62
3 2 8 1 45 80
3 2 8 2 52 98
3 2 8 3 49 90
3 2 8 4 71 108
3 2 8 5 42 90
3 1 9 1 73 115
3 1 9 2 96 133
3 1 9 3 95 130
3 1 9 4 91 127
3 1 9 5 93 140
3 2 9 1 68 114
3 2 9 2 76 112
3 2 9 3 71 95
3 2 9 4 76 119
3 2 9 5 67 96
3 1 10 1 119 150
3 1 10 2 134 167
3 1 10 3 130 163
3 1 10 4 180 208
3 1 10 5 116 145
3 2 10 1 80 101
3 2 10 2 81 102
3 2 10 4 85 112
3 2 10 5 77 105
3 1 11 1 57 90
3 1 11 2 57 89
3 1 11 3 95 113
3 1 11 4 88 116
3 1 11 5 74 110
3 2 11 1 73 97
3 2 11 2 46 70
3 2 11 3 41 72
3 2 11 4 57 85
3 2 11 5 41 76
3 1 12 1 57 92
3 1 12 2 53 85
3 1 12 3 51 81
3 1 12 4 45 72
3 1 12 5 45 71
3 2 12 1 49 77
3 2 12 2 38 67
3 2 12 3 40 73
3 2 12 4 43 78
3 2 12 5 63 96
3 1 13 1 44 65
3 1 13 2 95 114
3 1 13 3 70 91
3 1 13 4 55 69
3 1 13 5 47 65
3 2 13 1 45 61
3 2 13 2 44 62
3 2 13 3 45 64
3 2 13 4 39 58
3 2 13 5 36 52
3 1 14 1 31 64
3 1 14 2 41 70
3 1 14 3 35 62
3 1 14 4 26 52
3 1 14 5 30 55
3 2 14 1 23 54
3 2 14 2 19 55
3 2 14 3 30 63
3 2 14 4 33 78
3 2 14 5 24 63
3 1 15 1 34 56
3 1 15 2 27 52
3 1 15 3 29 56
3 1 15 4 30 66
3 1 15 5 38 70
3 2 15 1 34 60
3 2 15 2 29 57
3 2 15 3 23 51
3 2 15 4 28 53
3 2 15 5 26 56
3 1 16 1 26 55
3 1 16 2 37 67
3 1 16 3 39 66
3 1 16 4 35 61
3 1 16 5 45 66
3 2 16 1 33 55
3 2 16 2 38 54
3 2 16 3 37 55
3 2 16 4 33 48
3 2 16 5 32 46
3 1 17 1 43 73
3 1 17 2 44 68
3 1 17 3 37 58
3 1 17 4 45 65
3 1 17 5 55 76
3 2 17 1 29 53
3 2 17 2 43 66
3 2 17 3 44 66
3 2 17 4 42 62
3 2 17 5 55 76
3 1 18 1 21 45
3 1 18 2 30 52
3 1 18 3 38 59
3 1 18 4 24 44
3 1 18 5 31 51
3 2 18 1 26 43
3 2 18 2 24 43
3 2 18 3 22 47
3 2 18 4 24 45
3 2 18 5 26 43
3 1 19 1 96 137
3 1 19 2 83 137
3 1 19 3 84 125
3 1 19 4 76 126
3 1 19 5 73 135
3 2 19 1 78 127
3 2 19 2 86 131
3 2 19 3 77 121
3 2 19 4 147 182
3 2 19 5 77 102
3 1 20 1 53 73
3 1 20 2 52 76
3 1 20 3 46 66
3 1 20 4 42 66
3 1 20 5 43 68
3 2 20 1 32 60
3 2 20 2 68 88
3 2 20 3 46 68
3 2 20 4 35 58
3 2 20 5 41 56
4 1 1 1 20 63
4 1 1 2 18 59
4 1 1 3 17 51
4 1 1 4 16 50
4 1 1 5 27 67
4 2 1 1 18 59
4 2 1 2 13 45
4 2 1 3 13 35
4 2 1 4 15 44
4 2 1 5 19 46
4 1 2 1 71 110
4 1 2 2 60 101
4 1 2 3 45 100
4 1 2 4 39 91
4 1 2 5 37 79
4 2 2 1 27 65
4 2 2 2 42 78
4 2 2 3 60 104
4 2 2 4 58 110
4 2 2 5 84 129
4 1 3 1 10 49
4 1 3 2 22 54
4 1 3 3 16 46
4 1 3 4 32 64
4 1 3 5 27 51
4 2 3 1 12 42
4 2 3 2 26 52
4 2 3 3 27 50
4 2 3 4 16 40
4 2 3 5 16 44
4 1 4 1 19 44
4 1 4 2 15 36
4 1 4 3 14 38
4 1 4 4 16 41
4 1 4 5 24 50
4 2 4 1 16 38
4 2 4 2 24 38
4 2 4 3 17 41
4 2 4 4 51 75
4 2 4 5 14 37
4 1 5 1 44 84
4 1 5 2 24 46
4 1 5 3 20 55
4 1 5 4 34 64
4 1 5 5 47 78
4 2 5 1 24 52
4 2 5 2 23 47
4 2 5 3 12 33
4 2 5 4 36 53
4 2 5 5 26 43
4 1 6 1 58 68
4 1 6 2 62 72
4 1 6 3 26 63
4 1 6 4 26 64
4 1 6 5 78 106
4 2 6 1 41 65
4 2 6 2 35 61
4 2 6 3 72 95
4 2 6 4 43 70
4 2 6 5 46 76
4 1 7 1 12 59
4 1 7 2 61 82
4 1 7 3 21 63
4 1 7 4 31 78
4 1 7 5 55 101
4 2 7 1 64 100
4 2 7 2 42 82
4 2 7 3 31 69
4 2 7 4 24 62
4 2 7 5 22 56
4 1 8 1 23 69
4 1 8 2 26 65
4 1 8 3 20 65
4 1 8 4 23 67
4 1 8 5 17 67
4 2 8 1 21 63
4 2 8 2 17 64
4 2 8 3 12 57
4 2 8 4 17 59
4 2 8 5 26 59
4 1 9 1 43 77
4 1 9 2 26 63
4 1 9 3 17 51
4 1 9 4 19 60
4 1 9 5 20 59
4 2 9 1 13 57
4 2 9 2 27 74
4 2 9 3 27 68
4 2 9 4 8 60
4 2 9 5 19 53
4 1 10 1 23 71
4 1 10 2 30 69
4 1 10 3 49 90
4 1 10 4 39 84
4 1 10 5 33 91
4 2 10 1 45 78
4 2 10 2 34 75
4 2 10 3 70 97
4 2 10 4 58 95
4 2 10 5 48 79
4 1 11 1 37 87
4 1 11 2 25 68
4 1 11 3 29 70
4 1 11 4 25 63
4 1 11 5 26 67
4 2 11 1 21 49
4 2 11 2 16 43
4 2 11 3 22 46
4 2 11 4 20 46
4 2 11 5 14 47
4 1 12 1 45 67
4 1 12 2 16 69
4 1 12 3 26 72
4 1 12 4 32 82
4 1 12 5 28 71
4 2 12 1 20 47
4 2 12 2 25 58
4 2 12 3 22 55
4 2 12 4 35 61
4 2 12 5 26 62
4 1 13 1 22 63
4 1 13 2 30 73
4 1 13 3 28 70
4 1 13 4 40 60
4 1 13 5 21 64
4 2 13 1 29 54
4 2 13 2 23 46
4 2 13 3 14 32
4 2 13 4 16 30
4 2 13 5 15 39
4 1 14 1 38 69
4 1 14 2 13 52
4 1 14 3 19 61
4 1 14 4 33 69
4 1 14 5 16 50
4 2 14 1 30 45
4 2 14 2 19 43
4 2 14 3 11 41
4 2 14 4 15 37
4 2 14 5 16 40
4 1 15 1 16 37
4 1 15 2 21 57
4 1 15 3 20 54
4 1 15 4 17 47
4 1 15 5 15 46
4 2 15 1 22 41
4 2 15 2 33 59
4 2 15 3 21 46
4 2 15 4 17 39
4 2 15 5 24 47
4 1 16 1 22 59
4 1 16 2 23 49
4 1 16 3 20 58
4 1 16 4 17 43
4 1 16 5 12 37
4 2 16 1 27 49
4 2 16 2 20 40
4 2 16 3 22 37
4 2 16 4 19 40
4 2 16 5 16 46
4 1 17 1 26 65
4 1 17 2 15 55
4 1 17 3 19 57
4 1 17 4 21 61
4 1 17 5 18 61
4 2 17 1 13 44
4 2 17 2 13 39
4 2 17 3 8 34
4 2 17 4 13 43
4 2 17 5 12 38
4 1 18 1 18 40
4 1 18 2 18 38
4 1 18 3 18 40
4 1 18 4 26 49
4 1 18 5 31 46
4 2 18 1 17 36
4 2 18 2 17 34
4 2 18 3 24 48
4 2 18 4 18 37
4 2 18 5 21 37
4 1 19 1 19 74
4 1 19 2 22 74
4 1 19 3 81 100
4 1 19 4 38 94
4 1 19 5 20 71
4 2 19 1 26 61
4 2 19 2 24 56
4 2 19 3 33 82
4 2 19 4 36 89
4 2 19 5 31 71
4 1 20 1 18 75
4 1 20 2 17 74
4 1 20 3 18 97
4 1 20 4 16 75
4 1 20 5 16 78
4 2 20 1 24 52
4 2 20 2 10 44
4 2 20 3 17 49
4 2 20 4 12 46
4 2 20 5 13 49
5 1 1 1 36 81
5 1 1 2 19 63
5 1 1 3 17 58
5 1 1 4 25 67
5 1 1 5 67 105
5 2 1 1 21 54
5 2 1 2 22 48
5 2 1 3 12 49
5 2 1 4 18 42
5 2 1 5 19 46
5 1 2 1 81 126
5 1 2 2 34 79
5 1 2 3 31 73
5 1 2 4 40 90
5 1 2 5 74 121
5 2 2 1 33 71
5 2 2 2 31 82
5 2 2 3 24 72
5 2 2 4 45 109
5 2 2 5 51 103
5 1 3 1 15 83
5 1 3 2 24 75
5 1 3 3 108 149
5 1 3 4 22 78
5 1 3 5 44 84
5 2 3 1 16 54
5 2 3 2 22 62
5 2 3 3 26 63
5 2 3 4 20 54
5 2 3 5 25 62
5 1 4 1 32 69
5 1 4 2 14 59
5 1 4 3 12 60
5 1 4 4 19 64
5 1 4 5 14 51
5 2 4 1 15 42
5 2 4 2 28 54
5 2 4 3 28 58
5 2 4 4 25 53
5 2 4 5 30 57
5 1 5 1 15 58
5 1 5 2 14 46
5 1 5 3 26 73
5 1 5 4 41 79
5 1 5 5 21 57
5 2 5 1 25 70
5 2 5 2 35 71
5 2 5 3 22 51
5 2 5 4 30 56
5 2 5 5 10 40
5 1 6 1 41 90
5 1 6 2 19 75
5 1 6 3 26 80
5 1 6 4 82 131
5 1 6 5 36 87
5 2 6 1 22 68
5 2 6 2 34 90
5 2 6 3 25 82
5 2 6 4 72 113
5 2 6 5 56 93
5 1 7 1 44 81
5 1 7 2 14 66
5 1 7 3 28 72
5 1 7 4 41 90
5 1 7 5 16 69
5 2 7 1 23 54
5 2 7 2 17 73
5 2 7 3 23 74
5 2 7 4 25 69
5 2 7 5 26 62
5 1 8 1 13 62
5 1 8 2 18 77
5 1 8 3 27 72
5 1 8 4 37 92
5 1 8 5 27 83
5 2 8 1 36 69
5 2 8 2 31 59
5 2 8 3 35 73
5 2 8 4 25 57
5 2 8 5 22 55
5 1 9 1 28 82
5 1 9 2 28 69
5 1 9 3 44 81
5 1 9 4 20 71
5 1 9 5 36 91
5 2 9 1 28 88
5 2 9 2 46 80
5 2 9 3 33 76
5 2 9 4 24 76
5 2 9 5 17 81
5 1 10 1 28 91
5 1 10 2 40 104
5 1 10 3 29 96
5 1 10 4 48 109
5 1 10 5 26 81
5 2 10 1 23 51
5 2 10 2 68 93
5 2 10 3 26 72
5 2 10 4 60 85
5 2 10 5 52 80
5 1 11 1 11 45
5 1 11 2 13 65
5 1 11 3 22 90
5 1 11 4 33 85
5 1 11 5 16 64
5 2 11 1 18 69
5 2 11 2 22 80
5 2 11 3 76 135
5 2 11 4 16 83
5 2 11 5 22 84
5 1 12 1 19 70
5 1 12 2 22 67
5 1 12 3 23 62
5 1 12 4 10 55
5 1 12 5 11 49
5 2 12 1 20 65
5 2 12 2 32 59
5 2 12 3 31 56
5 2 12 4 21 43
5 2 12 5 20 48
5 1 13 1 12 52
5 1 13 2 25 53
5 1 13 3 26 69
5 1 13 4 16 53
5 1 13 5 9 36
5 2 13 1 13 30
5 2 13 2 46 65
5 2 13 3 15 38
5 2 13 4 16 41
5 2 13 5 21 50
5 1 14 1 18 56
5 1 14 2 15 52
5 1 14 3 23 68
5 1 14 4 15 56
5 1 14 5 19 66
5 2 14 1 26 45
5 2 14 2 21 48
5 2 14 3 17 41
5 2 14 4 17 47
5 2 14 5 14 47
5 1 15 1 18 52
5 1 15 2 16 52
5 1 15 3 22 64
5 1 15 4 22 61
5 1 15 5 20 66
5 2 15 1 23 49
5 2 15 2 34 60
5 2 15 3 22 50
5 2 15 4 27 56
5 2 15 5 16 48
5 1 16 1 15 45
5 1 16 2 24 56
5 1 16 3 25 54
5 1 16 4 51 79
5 1 16 5 11 47
5 2 16 1 16 40
5 2 16 2 20 47
5 2 16 3 22 50
5 2 16 4 19 45
5 2 16 5 15 35
5 1 17 1 12 50
5 1 17 2 21 64
5 1 17 3 17 51
5 1 17 4 13 53
5 1 17 5 20 52
5 2 17 1 15 35
5 2 17 2 14 38
5 2 17 3 16 45
5 2 17 4 17 42
5 2 17 5 9 34
5 1 18 1 19 38
5 1 18 2 21 44
5 1 18 3 16 37
5 1 18 4 19 42
5 1 18 5 14 31
5 2 18 1 18 35
5 2 18 2 14 32
5 2 18 3 17 34
5 2 18 4 17 31
5 2 18 5 17 33
5 1 19 1 22 83
5 1 19 2 45 99
5 1 19 3 62 108
5 1 19 4 45 87
5 1 19 5 28 85
5 2 19 1 44 77
5 2 19 2 16 63
5 2 19 3 26 72
5 2 19 4 19 67
5 2 19 5 28 75
5 1 20 1 20 64
5 1 20 2 22 82
5 1 20 3 22 84
5 1 20 4 30 88
5 1 20 5 29 89
5 2 20 1 44 86
5 2 20 2 39 84
5 2 20 3 21 65
5 2 20 4 30 73
5 2 20 5 30 69
6 1 1 1 9 57
6 1 1 2 17 70
6 1 1 3 16 57
6 1 1 4 37 76
6 1 1 5 9 59
6 2 1 1 40 68
6 2 1 2 32 55
6 2 1 3 12 34
6 2 1 4 26 44
6 2 1 5 18 43
6 1 2 1 148 199
6 1 2 2 23 62
6 1 2 3 39 80
6 1 2 4 31 71
6 1 2 5 37 73
6 2 2 1 136 176
6 2 2 2 30 74
6 2 2 3 36 76
6 2 2 4 51 90
6 2 2 5 41 81
6 1 3 1 10 65
6 1 3 2 20 66
6 1 3 3 20 70
6 1 3 4 24 74
6 1 3 5 4 47
6 2 3 1 27 70
6 2 3 2 39 70
6 2 3 3 17 46
6 2 3 4 33 61
6 2 3 5 31 70
6 1 4 1 19 64
6 1 4 2 18 58
6 1 4 3 27 81
6 1 4 4 21 63
6 1 4 5 20 52
6 2 4 1 19 46
6 2 4 2 37 55
6 2 4 3 30 53
6 2 4 4 37 61
6 2 4 5 71 90
6 1 5 1 14 50
6 1 5 2 30 62
6 1 5 3 37 75
6 1 5 4 9 44
6 1 5 5 41 71
6 2 5 1 35 65
6 2 5 2 18 42
6 2 5 3 18 42
6 2 5 4 29 58
6 2 5 5 40 62
6 1 6 2 45 99
6 1 6 3 38 97
6 1 6 4 36 80
6 1 6 5 22 62
6 2 6 1 82 134
6 2 6 2 50 103
6 2 6 3 28 88
6 2 6 4 41 85
6 2 6 5 67 140
6 1 7 1 11 61
6 1 7 2 23 77
6 1 7 3 20 70
6 1 7 4 13 73
6 1 7 5 20 69
6 2 7 1 18 55
6 2 7 2 23 65
6 2 7 3 18 66
6 2 7 4 16 76
6 2 7 5 16 72
6 1 8 1 18 69
6 1 8 2 20 69
6 1 8 3 23 83
6 1 8 4 17 67
6 1 8 5 19 70
6 2 8 1 20 50
6 2 8 2 24 52
6 2 8 3 36 63
6 2 8 4 41 65
6 2 8 5 20 49
6 1 9 1 40 91
6 1 9 2 23 98
6 1 9 3 23 92
6 1 9 4 35 88
6 1 9 5 26 93
6 2 9 1 23 88
6 2 9 2 13 98
6 2 9 3 26 97
6 2 9 4 14 82
6 2 9 5 21 74
6 1 10 1 30 100
6 1 10 2 26 85
6 1 10 3 27 78
6 1 10 4 33 92
6 1 10 5 37 93
6 2 10 1 32 57
6 2 10 2 30 66
6 2 10 3 55 86
6 2 10 4 55 85
6 2 10 5 36 68
6 1 11 1 18 58
6 1 11 2 19 68
6 1 11 3 37 90
6 1 11 4 20 67
6 1 11 5 17 61
6 2 11 1 14 52
6 2 11 2 18 61
6 2 11 3 27 80
6 2 11 4 17 65
6 2 11 5 17 59
6 1 12 1 29 72
6 1 12 2 35 87
6 1 12 3 25 77
6 1 12 4 20 67
6 1 12 5 25 71
6 2 12 1 28 62
6 2 12 3 22 47
6 2 12 4 21 56
6 2 12 5 26 55
6 1 13 1 28 75
6 1 13 2 10 47
6 1 13 3 15 46
6 1 13 4 19 55
6 1 13 5 13 47
6 2 13 1 18 46
6 2 13 2 32 64
6 2 13 3 16 46
6 2 13 4 21 54
6 2 13 5 19 47
6 1 14 1 12 41
6 1 14 2 11 44
6 1 14 3 11 50
6 1 14 4 13 53
6 1 14 5 10 43
6 2 14 1 29 46
6 2 14 2 15 38
6 2 14 3 15 38
6 2 14 4 14 28
6 2 14 5 23 36
6 1 15 1 15 56
6 1 15 2 17 59
6 1 15 3 14 52
6 1 15 4 13 52
6 1 15 5 15 62
6 2 15 1 23 52
6 2 15 2 15 47
6 2 15 3 26 55
6 2 15 4 23 58
6 2 15 5 30 59
6 1 16 1 9 45
6 1 16 2 17 48
6 1 16 3 10 37
6 1 16 4 13 41
6 1 16 5 19 48
6 2 16 1 21 49
6 2 16 2 17 43
6 2 16 3 25 48
6 2 16 4 24 44
6 2 16 5 27 49
6 1 17 1 13 51
6 1 17 2 20 52
6 1 17 3 40 73
6 1 17 4 41 72
6 1 17 5 23 52
6 2 17 1 17 38
6 2 17 2 26 46
6 2 17 3 15 37
6 2 17 4 22 45
6 2 17 5 16 34
6 1 18 1 24 47
6 1 18 2 23 46
6 1 18 3 19 41
6 1 18 4 16 38
6 1 18 5 20 39
6 2 18 1 16 35
6 2 18 2 15 33
6 2 18 3 26 45
6 2 18 4 16 31
6 2 18 5 20 39
6 1 19 1 21 74
6 1 19 2 25 80
6 1 19 3 24 67
6 1 19 4 20 69
6 1 19 5 22 69
6 2 19 1 33 71
6 2 19 2 46 82
6 2 19 3 28 63
6 2 19 4 27 64
6 2 19 5 21 54
6 1 20 1 51 86
6 1 20 2 38 71
6 1 20 3 38 87
6 1 20 4 41 61
6 1 20 5 44 86
6 2 20 1 21 75
6 2 20 2 42 86
6 2 20 3 28 74
6 2 20 4 33 65
6 2 20 5 40 79
7 1 1 1 29 42
7 1 1 2 34 55
7 1 1 3 57 76
7 1 1 4 27 53
7 1 1 5 32 58
7 2 1 1 26 47
7 2 1 2 29 53
7 2 1 3 49 77
7 2 1 4 30 50
7 2 1 5 34 51
7 1 2 1 45 61
7 1 2 2 37 52
7 1 2 3 44 62
7 1 2 4 41 52
7 1 2 5 44 60
7 2 2 1 35 52
7 2 2 2 29 48
7 2 2 3 45 61
7 2 2 4 27 45
7 2 2 5 50 70
7 1 3 1 39 58
7 1 3 2 32 51
7 1 3 3 34 62
7 1 3 4 39 64
7 1 3 5 43 64
7 2 3 1 28 47
7 2 3 2 28 51
7 2 3 3 25 45
7 2 3 4 26 47
7 2 3 5 39 52
7 1 4 1 36 55
7 1 4 2 28 47
7 1 4 3 48 66
7 1 4 4 33 46
7 1 4 5 46 64
7 2 4 1 33 54
7 2 4 2 34 51
7 2 4 3 29 46
7 2 4 4 28 45
7 2 4 5 26 44
7 1 5 1 37 49
7 1 5 2 41 59
7 1 5 3 46 63
7 1 5 4 50 63
7 1 5 5 26 40
7 2 5 1 14 34
7 2 5 2 34 50
7 2 5 3 45 62
7 2 5 4 33 54
7 2 5 5 17 36
7 1 6 1 69 85
7 1 6 2 79 95
7 1 6 3 60 76
7 1 6 4 66 85
7 1 6 5 133 151
7 2 6 1 81 108
7 2 6 2 80 106
7 2 6 3 76 100
7 2 6 4 64 83
7 2 6 5 138 163
7 1 7 1 55 73
7 1 7 2 36 58
7 1 7 3 44 61
7 1 7 4 23 50
7 1 7 5 86 104
7 2 7 1 27 45
7 2 7 2 40 62
7 2 7 3 27 50
7 2 7 4 29 48
7 2 7 5 33 56
7 1 8 1 27 55
7 1 8 2 41 60
7 1 8 3 36 61
7 1 8 4 27 49
7 1 8 5 49 72
7 2 8 1 39 66
7 2 8 2 24 49
7 2 8 3 26 57
7 2 8 4 22 51
7 2 8 5 23 50
7 1 9 1 49 76
7 1 9 2 56 92
7 1 9 3 65 94
7 1 9 4 51 75
7 1 9 5 64 90
7 2 9 1 42 74
7 2 9 2 57 101
7 2 9 3 68 110
7 2 9 4 71 100
7 2 9 5 68 102
7 1 10 1 54 72
7 1 10 2 44 68
7 1 10 3 65 85
7 1 10 4 35 65
7 1 10 5 43 67
7 2 10 1 30 54
7 2 10 2 43 71
7 2 10 3 70 92
7 2 10 4 48 79
7 2 10 5 44 71
7 1 11 1 35 50
7 1 11 2 48 68
7 1 11 3 37 61
7 1 11 4 147 175
7 1 11 5 52 78
7 2 11 1 44 69
7 2 11 2 53 78
7 2 11 3 48 76
7 2 11 4 49 75
7 2 11 5 44 69
7 1 12 1 36 53
7 1 12 2 44 69
7 1 12 3 42 67
7 1 12 4 40 63
7 1 12 5 52 72
7 2 12 1 49 70
7 2 12 2 47 69
7 2 12 3 65 85
7 2 12 4 50 68
7 2 12 5 38 58
7 1 13 1 30 47
7 1 13 2 31 47
7 1 13 3 30 48
7 1 13 4 29 48
7 1 13 5 27 45
7 2 13 1 23 39
7 2 13 2 20 35
7 2 13 3 19 36
7 2 13 4 9 26
7 2 13 5 28 44
7 1 14 1 20 36
7 1 14 2 22 41
7 1 14 3 20 37
7 1 14 4 21 44
7 1 14 5 12 34
7 2 14 1 15 38
7 2 14 2 9 26
7 2 14 3 30 49
7 2 14 4 18 60
7 2 14 5 58 77
7 1 15 1 27 48
7 1 15 2 30 52
7 1 15 3 22 45
7 1 15 4 35 58
7 1 15 5 40 73
7 2 15 1 19 50
7 2 15 2 26 45
7 2 15 3 23 42
7 2 15 4 22 40
7 2 15 5 10 34
7 1 16 1 21 43
7 1 16 2 24 43
7 1 16 3 24 45
7 1 16 4 26 43
7 1 16 5 22 41
7 2 16 1 19 37
7 2 16 2 30 52
7 2 16 3 13 36
7 2 16 4 46 65
7 2 16 5 18 41
7 1 17 1 29 46
7 1 17 2 31 45
7 1 17 3 25 40
7 1 17 4 18 42
7 1 17 5 32 50
7 2 17 1 25 41
7 2 17 2 15 30
7 2 17 3 15 30
7 2 17 4 15 29
7 2 17 5 15 29
7 1 18 1 29 46
7 1 18 2 28 44
7 1 18 3 26 39
7 1 18 4 28 43
7 1 18 5 32 48
7 2 18 1 22 40
7 2 18 2 31 47
7 2 18 3 33 47
7 2 18 4 18 35
7 2 18 5 25 45
7 1 19 1 49 66
7 1 19 2 78 102
7 1 19 3 57 78
7 1 19 4 51 76
7 1 19 5 41 70
7 2 19 1 38 67
7 2 19 2 53 78
7 2 19 3 50 73
7 2 19 4 58 77
7 2 19 5 46 67
7 1 20 1 45 67
7 1 20 2 26 50
7 1 20 3 30 53
7 1 20 4 28 46
7 1 20 5 33 49
7 2 20 1 33 61
7 2 20 2 31 51
7 2 20 3 28 48
7 2 20 4 35 59
7 2 20 5 28 58
8 1 1 1 11 40
8 1 1 2 22 56
8 1 1 3 15 48
8 1 1 4 16 44
8 1 1 5 18 44
8 2 1 1 15 42
8 2 1 2 27 50
8 2 1 3 70 96
8 2 1 4 66 92
8 2 1 5 32 63
8 1 2 1 22 47
8 1 2 2 29 53
8 1 2 3 59 72
8 1 2 4 50 63
8 1 2 5 42 55
8 2 2 1 47 60
8 2 2 2 77 91
8 2 2 3 38 50
8 2 2 4 51 64
8 2 2 5 87 102
8 1 3 1 54 71
8 1 3 2 63 103
8 1 3 3 22 62
8 1 3 4 80 118
8 1 3 5 16 55
8 2 3 1 23 42
8 2 3 2 29 51
8 2 3 3 35 57
8 2 3 4 80 106
8 2 3 5 28 55
8 1 4 1 29 53
8 1 4 2 32 56
8 1 4 3 46 69
8 1 4 4 57 78
8 1 4 5 60 82
8 2 4 1 47 61
8 2 4 2 47 67
8 2 4 3 66 86
8 2 4 4 25 42
8 2 4 5 44 60
8 1 5 1 19 41
8 1 5 2 16 36
8 1 5 3 19 44
8 1 5 4 14 37
8 1 5 5 16 37
8 2 5 1 32 47
8 2 5 2 25 40
8 2 5 3 26 40
8 2 5 4 32 45
8 2 5 5 21 38
8 1 6 1 44 92
8 1 6 2 39 71
8 1 6 3 41 93
8 1 6 4 24 79
8 1 6 5 72 145
8 2 6 1 92 121
8 2 6 2 59 86
8 2 6 3 76 110
8 2 6 4 96 125
8 2 6 5 93 121
8 1 7 1 25 45
8 1 7 2 21 45
8 1 7 3 16 40
8 1 7 4 11 35
8 1 7 5 19 40
8 2 7 1 26 46
8 2 7 2 23 45
8 2 7 3 19 42
8 2 7 4 28 48
8 2 7 5 22 42
8 1 8 1 27 56
8 1 8 2 21 57
8 1 8 3 14 48
8 1 8 4 19 49
8 1 8 5 20 54
8 2 8 1 29 50
8 2 8 2 40 63
8 2 8 3 45 69
8 2 8 4 21 48
8 2 8 5 20 43
8 1 9 1 57 87
8 1 9 2 28 67
8 1 9 3 26 64
8 1 9 4 22 63
8 1 9 5 21 63
8 2 9 1 25 68
8 2 9 2 37 74
8 2 9 3 21 60
8 2 9 4 48 82
8 2 9 5 52 85
8 1 10 1 30 53
8 1 10 2 23 49
8 1 10 3 59 86
8 1 10 4 26 55
8 1 10 5 25 49
8 2 10 1 31 48
8 2 10 2 46 68
8 2 10 3 34 56
8 2 10 4 49 70
8 2 10 5 83 106
8 1 11 1 27 63
8 1 11 2 23 57
8 1 11 3 63 104
8 1 11 4 34 68
8 1 11 5 54 77
8 2 11 1 44 77
8 2 11 2 36 69
8 2 11 3 33 69
8 2 11 4 32 70
8 2 11 5 31 74
8 1 12 1 32 70
8 1 12 2 29 68
8 1 12 3 34 67
8 1 12 4 21 54
8 1 12 5 31 71
8 2 12 1 29 55
8 2 12 2 30 54
8 2 12 3 28 51
8 2 12 4 28 47
8 2 12 5 30 60
8 1 13 1 10 50
8 1 13 2 13 44
8 1 13 3 21 54
8 1 13 4 19 52
8 1 13 5 16 43
8 2 13 1 25 40
8 2 13 2 19 41
8 2 13 3 25 46
8 2 13 4 19 41
8 2 13 5 27 45
8 1 14 1 15 37
8 1 14 2 34 57
8 1 14 3 20 42
8 1 14 4 34 53
8 1 14 5 16 38
8 2 14 1 18 32
8 2 14 2 24 40
8 2 14 3 32 49
8 2 14 4 28 49
8 2 14 5 29 48
8 1 15 1 16 45
8 1 15 2 22 58
8 1 15 3 14 49
8 1 15 4 13 51
8 1 15 5 25 59
8 2 15 1 29 49
8 2 15 2 22 41
8 2 15 3 17 42
8 2 15 4 19 47
8 2 15 5 16 43
8 1 16 1 13 38
8 1 16 2 21 44
8 1 16 3 17 43
8 1 16 4 17 41
8 1 16 5 14 38
8 2 16 1 13 35
8 2 16 2 20 40
8 2 16 3 28 51
8 2 16 4 31 55
8 2 16 5 24 44
8 1 17 1 42 68
8 1 17 2 12 42
8 1 17 3 14 40
8 1 17 4 24 49
8 1 17 5 17 43
8 2 17 1 15 31
8 2 17 2 9 24
8 2 17 3 15 30
8 2 17 4 16 33
8 2 17 5 18 34
8 1 18 1 14 34
8 1 18 2 17 43
8 1 18 3 14 40
8 1 18 4 20 49
8 1 18 5 15 40
8 2 18 1 21 39
8 2 18 2 14 33
8 2 18 3 26 48
8 2 18 4 16 37
8 2 18 5 17 37
8 1 19 1 14 49
8 1 19 2 28 62
8 1 19 3 21 64
8 1 19 4 21 61
8 1 19 5 25 66
8 2 19 1 27 53
8 2 19 2 37 64
8 2 19 3 38 58
8 2 19 4 42 71
8 2 19 5 35 63
8 1 20 1 19 68
8 1 20 2 15 57
8 1 20 3 41 77
8 1 20 4 31 72
8 1 20 5 13 53
8 2 20 1 26 60
8 2 20 2 24 59
8 2 20 3 24 51
8 2 20 4 20 53
8 2 20 5 19 52
9 1 1 1 10 44
9 1 1 2 31 46
9 1 1 3 26 43
9 1 1 4 26 48
9 1 1 5 27 48
9 2 1 1 27 43
9 2 1 2 30 48
9 2 1 3 27 47
9 2 1 4 26 41
9 2 1 5 40 56
9 1 2 1 66 83
9 1 2 2 59 86
9 1 2 3 50 69
9 1 2 4 44 73
9 1 2 5 58 79
9 2 2 1 46 64
9 2 2 2 43 55
9 2 2 3 55 70
9 2 2 4 30 46
9 2 2 5 41 55
9 1 3 1 42 57
9 1 3 2 41 59
9 1 3 3 34 51
9 1 3 4 45 67
9 1 3 5 57 81
9 2 3 1 34 52
9 2 3 2 35 52
9 2 3 3 33 52
9 2 3 4 40 57
9 2 3 5 44 67
9 1 4 1 42 57
9 1 4 2 44 60
9 1 4 3 51 63
9 1 4 4 49 63
9 1 4 5 53 71
9 2 4 1 36 46
9 2 4 2 68 85
9 2 4 3 76 94
9 2 4 4 61 81
9 2 4 5 54 73
9 1 5 1 30 45
9 1 5 2 55 69
9 1 5 3 32 47
9 1 5 4 32 47
9 1 5 5 24 50
9 2 5 1 27 42
9 2 5 2 39 51
9 2 5 3 22 48
9 2 5 4 35 51
9 2 5 5 41 55
9 1 6 1 81 100
9 1 6 2 73 98
9 1 6 3 67 89
9 1 6 4 75 94
9 1 6 5 75 97
9 2 6 1 74 96
9 2 6 2 62 90
9 2 6 3 77 104
9 2 6 4 79 105
9 2 6 5 96 124
9 1 7 1 36 66
9 1 7 2 36 61
9 1 7 3 142 166
9 1 7 4 35 59
9 1 7 5 39 63
9 2 7 1 80 111
9 2 7 2 68 92
9 2 7 3 33 67
9 2 7 4 59 88
9 2 7 5 31 54
9 1 8 1 37 61
9 1 8 2 38 60
9 1 8 3 41 63
9 1 8 4 47 69
9 1 8 5 45 70
9 2 8 1 39 59
9 2 8 2 38 61
9 2 8 3 57 80
9 2 8 4 53 73
9 2 8 5 43 68
9 1 9 1 45 67
9 1 9 2 37 62
9 1 9 3 39 59
9 1 9 4 51 77
9 1 9 5 50 70
9 2 9 1 54 81
9 2 9 2 41 69
9 2 9 3 51 80
9 2 9 4 60 86
9 2 9 5 56 80
9 1 10 1 99 122
9 1 10 2 108 133
9 1 10 3 72 99
9 1 10 4 68 101
9 1 10 5 112 137
9 2 10 1 49 73
9 2 10 2 51 76
9 2 10 3 46 70
9 2 10 4 51 82
9 2 10 5 89 114
9 1 11 1 50 73
9 1 11 2 47 66
9 1 11 3 58 78
9 1 11 4 57 80
9 1 11 5 79 109
9 2 11 1 37 54
9 2 11 2 68 88
9 2 11 3 58 79
9 2 11 4 28 48
9 2 11 5 26 46
9 1 12 1 51 69
9 1 12 2 62 81
9 1 12 3 65 88
9 1 12 4 60 79
9 1 12 5 56 75
9 2 12 1 39 65
9 2 12 2 49 70
9 2 12 3 39 66
9 2 12 4 37 62
9 2 12 5 39 64
9 1 13 1 39 56
9 1 13 2 38 50
9 1 13 3 29 40
9 1 13 4 36 50
9 1 13 5 38 50
9 2 13 1 42 57
9 2 13 2 22 35
9 2 13 3 54 69
9 2 13 4 34 50
9 2 13 5 21 32
9 1 14 1 21 34
9 1 14 2 26 38
9 1 14 3 25 38
9 1 14 4 21 33
9 1 14 5 21 37
9 2 14 1 23 39
9 2 14 2 25 45
9 2 14 3 20 41
9 2 14 4 47 62
9 2 14 5 25 40
9 1 15 1 33 51
9 1 15 2 45 61
9 1 15 3 41 62
9 1 15 4 39 67
9 1 15 5 31 58
9 2 15 1 17 36
9 2 15 2 28 54
9 2 15 3 25 42
9 2 15 4 16 34
9 2 15 5 19 43
9 1 16 1 23 41
9 1 16 2 34 50
9 1 16 3 28 41
9 1 16 4 29 45
9 1 16 5 28 42
9 2 16 1 33 47
9 2 16 2 17 34
9 2 16 3 35 51
9 2 16 4 36 53
9 2 16 5 16 34
9 1 17 1 32 45
9 1 17 2 28 39
9 1 17 3 38 50
9 1 17 4 41 52
9 1 17 5 33 41
9 2 17 1 24 33
9 2 17 2 39 49
9 2 17 3 35 46
9 2 17 4 43 53
9 2 17 5 37 49
9 1 18 1 26 40
9 1 18 2 31 47
9 1 18 3 31 46
9 1 18 4 30 45
9 1 18 5 31 52
9 2 18 1 30 48
9 2 18 2 30 45
9 2 18 3 31 47
9 2 18 4 25 42
9 2 18 5 25 37
9 1 19 1 78 97
9 1 19 2 81 98
9 1 19 3 67 87
9 1 19 4 65 85
9 1 19 5 107 127
9 2 19 1 52 74
9 2 19 2 78 97
9 2 19 3 76 94
9 2 19 4 59 83
9 2 19 5 159 179
9 1 20 1 36 73
9 1 20 2 39 69
9 1 20 3 56 88
9 1 20 4 46 77
9 1 20 5 42 76
9 2 20 1 38 66
9 2 20 2 36 62
9 2 20 3 42 78
9 2 20 4 36 68
9 2 20 5 25 62
10 1 1 1 29 51
10 1 1 2 26 48
10 1 1 3 30 49
10 1 1 4 25 43
10 1 1 5 25 44
10 2 1 1 54 75
10 2 1 2 22 43
10 2 1 3 23 49
10 2 1 4 34 57
10 2 1 5 24 41
10 1 2 1 37 54
10 1 2 2 36 50
10 1 2 3 55 66
10 1 2 4 50 63
10 1 2 5 38 56
10 2 2 1 30 44
10 2 2 2 24 37
10 2 2 3 115 133
10 2 2 4 60 82
10 2 2 5 44 63
10 1 3 1 36 59
10 1 3 2 44 69
10 1 3 3 51 72
10 1 3 4 60 87
10 1 3 5 46 70
10 2 3 1 32 49
10 2 3 2 38 56
10 2 3 3 27 47
10 2 3 4 28 51
10 2 3 5 31 54
10 1 4 1 36 53
10 1 4 2 39 50
10 1 4 3 37 53
10 1 4 4 37 49
10 1 4 5 64 82
10 2 4 1 43 57
10 2 4 2 74 90
10 2 4 3 62 76
10 2 4 4 61 77
10 2 4 5 56 74
10 1 5 1 62 74
10 1 5 2 35 48
10 1 5 3 33 47
10 1 5 4 34 49
10 1 5 5 37 49
10 2 5 1 42 57
10 2 5 2 27 39
10 2 5 3 17 29
10 2 5 4 18 30
10 2 5 5 17 32
10 1 6 1 78 109
10 1 6 2 63 89
10 1 6 3 109 134
10 1 6 4 81 113
10 1 6 5 79 109
10 2 6 1 70 95
10 2 6 2 71 105
10 2 6 3 60 101
10 2 6 4 51 90
10 2 6 5 42 82
10 1 7 1 36 54
10 1 7 2 26 45
10 1 7 3 26 41
10 1 7 4 22 36
10 1 7 5 19 38
10 2 7 1 123 143
10 2 7 2 28 42
10 2 7 3 26 45
10 2 7 4 18 36
10 2 7 5 26 43
10 1 8 1 49 66
10 1 8 2 41 66
10 1 8 3 33 57
10 1 8 4 38 58
10 1 8 5 27 50
10 2 8 1 37 57
10 2 8 2 25 52
10 2 8 3 35 62
10 2 8 4 26 49
10 2 8 5 27 49
10 1 9 1 48 69
10 1 9 2 46 65
10 1 9 3 48 64
10 1 9 4 37 55
10 1 9 5 36 55
10 2 9 1 80 103
10 2 9 2 47 69
10 2 9 3 50 79
10 2 9 4 33 59
10 2 9 5 39 62
10 1 10 1 38 53
10 1 10 2 39 68
10 1 10 3 72 93
10 1 10 4 61 82
10 1 10 5 47 76
10 2 10 1 51 70
10 2 10 2 59 81
10 2 10 3 101 127
10 2 10 4 33 53
10 2 10 5 33 44
10 1 11 1 34 47
10 1 11 2 32 48
10 1 11 3 24 39
10 1 11 4 20 33
10 1 11 5 23 34
10 2 11 1 33 48
10 2 11 2 26 41
10 2 11 3 23 38
10 2 11 4 18 35
10 2 11 5 17 34
10 1 12 1 42 55
10 1 12 2 48 63
10 1 12 3 54 72
10 1 12 4 71 87
10 1 12 5 52 73
10 2 12 1 20 41
10 2 12 2 36 53
10 2 12 3 32 60
10 2 12 4 33 56
10 2 12 5 20 46
10 1 13 1 32 47
10 1 13 2 58 76
10 1 13 3 36 55
10 1 13 4 30 46
10 1 13 5 33 48
10 2 13 1 36 51
10 2 13 2 22 39
10 2 13 3 41 58
10 2 13 4 83 98
10 2 13 5 27 41
10 1 14 1 24 39
10 1 14 2 31 44
10 1 14 3 61 75
10 1 14 4 27 43
10 1 14 5 31 45
10 2 14 1 20 34
10 2 14 2 15 35
10 2 14 3 14 31
10 2 14 4 24 37
10 2 14 5 17 36
10 1 15 1 18 42
10 1 15 2 26 57
10 1 15 3 29 57
10 1 15 4 31 61
10 1 15 5 30 53
10 2 15 1 17 39
10 2 15 2 24 60
10 2 15 3 16 39
10 2 15 4 26 56
10 2 15 5 75 103
10 1 16 1 17 43
10 1 16 2 30 48
10 1 16 3 37 55
10 1 16 4 20 41
10 1 16 5 23 44
10 2 16 1 13 40
10 2 16 2 25 52
10 2 16 3 15 45
10 2 16 4 27 49
10 2 16 5 11 37
10 1 17 1 41 63
10 1 17 2 73 87
10 1 17 3 38 57
10 1 17 4 43 73
10 1 17 5 41 63
10 2 17 1 25 46
10 2 17 2 15 30
10 2 17 3 28 44
10 2 17 4 29 42
10 2 17 5 30 47
10 1 18 1 25 40
10 1 18 2 29 46
10 1 18 3 21 39
10 1 18 4 22 38
10 1 18 5 22 40
10 2 18 1 78 93
10 2 18 2 22 41
10 2 18 3 23 38
10 2 18 4 19 34
10 2 18 5 20 34
10 1 19 1 57 74
10 1 19 2 61 79
10 1 19 3 48 64
10 1 19 4 50 65
10 1 19 5 41 75
10 2 19 1 30 46
10 2 19 2 62 79
10 2 19 3 40 59
10 2 19 4 36 63
10 2 19 5 29 55
10 1 20 1 34 66
10 1 20 2 42 66
10 1 20 3 28 57
10 1 20 4 26 56
10 1 20 5 29 60
10 2 20 1 24 55
10 2 20 2 13 42
10 2 20 3 20 56
10 2 20 4 23 64
10 2 20 5 26 68
11 1 1 1 30 67
11 1 1 2 28 71
11 1 1 3 26 67
11 1 1 4 24 63
11 1 1 5 29 68
11 2 1 1 22 39
11 2 1 2 21 95
11 2 1 3 20 80
11 2 1 4 27 76
11 2 1 5 54 96
11 1 2 1 36 73
11 1 2 2 32 73
11 1 2 3 25 69
11 1 2 4 31 77
11 1 2 5 58 104
11 2 2 1 25 73
11 2 2 2 29 74
11 2 2 3 24 63
11 2 2 4 24 62
11 2 2 5 20 60
11 1 3 1 18 89
11 1 3 2 25 93
11 1 3 3 26 95
11 1 3 4 29 96
11 1 3 5 28 101
11 2 3 1 48 118
11 2 3 2 18 97
11 2 3 3 22 104
11 2 3 4 42 123
11 2 3 5 31 119
11 1 4 1 47 93
11 1 4 2 49 82
11 1 4 3 53 92
11 1 4 4 62 100
11 1 4 5 54 87
11 2 4 1 54 85
11 2 4 2 48 102
11 2 4 3 48 99
11 2 4 4 45 88
11 2 4 5 40 80
11 1 5 1 20 63
11 1 5 2 24 69
11 1 5 3 26 71
11 1 5 4 29 74
11 1 5 5 26 74
11 2 5 1 29 63
11 2 5 2 28 76
11 2 5 3 31 81
11 2 5 4 23 78
11 2 5 5 38 68
11 1 6 1 55 106
11 1 6 2 50 85
11 1 6 3 56 103
11 1 6 4 92 136
11 1 6 5 203 252
11 2 6 1 85 134
11 2 6 2 50 98
11 2 6 3 95 146
11 2 6 4 46 94
11 2 6 5 73 123
11 1 7 1 32 77
11 1 7 2 29 68
11 1 7 3 28 69
11 1 7 4 27 68
11 1 7 5 24 59
11 2 7 1 32 74
11 2 7 2 25 67
11 2 7 3 21 67
11 2 7 4 25 65
11 2 7 5 24 62
11 1 8 1 61 117
11 1 8 2 36 89
11 1 8 3 36 96
11 1 8 4 39 98
11 1 8 5 50 113
11 2 8 1 37 90
11 2 8 2 29 100
11 2 8 3 38 99
11 2 8 4 36 95
11 2 8 5 34 97
11 1 9 1 86 129
11 1 9 2 47 108
11 1 9 3 38 84
11 1 9 4 51 99
11 1 9 5 31 72
11 2 9 1 37 108
11 2 9 2 62 122
11 2 9 3 34 96
11 2 9 4 57 118
11 2 9 5 42 116
11 1 10 1 54 115
11 1 10 2 38 90
11 1 10 3 30 86
11 1 10 4 69 118
11 1 10 5 55 122
11 2 10 1 43 102
11 2 10 2 38 81
11 2 10 3 56 140
11 1 11 1 44 89
11 1 11 2 39 92
11 1 11 3 45 92
11 1 11 4 38 85
11 1 11 5 47 104
11 2 11 1 85 134
11 2 11 2 36 93
11 2 11 3 31 88
11 2 11 4 53 106
11 2 11 5 41 118
11 1 12 1 40 98
11 1 12 2 35 121
11 1 12 3 37 110
11 1 12 4 33 127
11 1 12 5 41 149
11 2 12 1 70 161
11 2 12 2 34 116
11 2 12 3 39 120
11 2 12 4 31 123
11 2 12 5 40 123
11 1 13 1 40 92
11 1 13 2 47 91
11 1 13 3 36 76
11 1 13 4 46 85
11 1 13 5 32 69
11 2 13 1 16 53
11 2 13 2 44 83
11 2 13 3 18 56
11 2 13 4 32 70
11 2 13 5 38 73
11 1 14 1 25 68
11 1 14 2 52 96
11 1 14 3 30 69
11 1 14 4 25 66
11 1 14 5 23 66
11 2 14 1 24 62
11 2 14 2 24 71
11 2 14 3 29 80
11 2 14 4 38 90
11 2 14 5 30 80
11 1 15 1 30 77
11 1 15 2 47 106
11 1 15 3 32 92
11 1 15 4 34 97
11 1 15 5 31 88
11 2 15 1 28 84
11 2 15 2 30 87
11 2 15 3 25 79
11 2 15 4 25 81
11 2 15 5 28 86
11 1 16 1 28 70
11 1 16 2 25 65
11 1 16 3 28 71
11 1 16 4 41 79
11 1 16 5 4 50
11 2 16 1 25 66
11 2 16 2 29 67
11 2 16 3 27 70
11 2 16 4 27 67
11 2 16 5 40 81
11 1 17 1 52 97
11 1 17 2 43 86
11 1 17 3 41 85
11 1 17 4 31 76
11 1 17 5 31 72
11 2 17 1 44 88
11 2 17 2 43 89
11 2 17 3 29 75
11 2 17 4 29 80
11 2 17 5 22 64
11 1 18 1 31 70
11 1 18 2 25 68
11 1 18 3 33 69
11 1 18 4 34 74
11 1 18 5 29 67
11 2 18 1 19 61
11 2 18 2 22 63
11 2 18 3 28 67
11 2 18 4 25 65
11 2 18 5 39 80
11 1 19 1 45 99
11 1 19 2 48 142
11 1 19 3 66 164
11 1 19 4 53 151
11 1 19 5 82 179
11 2 19 1 72 174
11 2 19 2 61 166
11 2 19 3 90 202
11 2 19 4 44 174
11 2 19 5 45 155
11 1 20 1 40 103
11 1 20 2 39 113
11 1 20 3 38 103
11 1 20 4 33 106
11 1 20 5 29 95
11 2 20 1 21 107
11 2 20 2 21 90
11 2 20 3 22 94
11 2 20 4 26 95
11 2 20 5 16 92
12 1 1 1 18 72
12 1 1 2 23 64
12 1 1 3 26 68
12 1 1 4 26 57
12 1 1 5 23 61
12 2 1 1 16 58
12 2 1 2 25 63
12 2 1 3 20 49
12 2 1 4 16 50
12 2 1 5 14 56
12 1 2 1 39 73
12 1 2 2 29 61
12 1 2 3 30 62
12 1 2 4 25 57
12 1 2 5 33 70
12 2 2 1 63 87
12 2 2 2 23 58
12 2 2 3 18 31
12 2 2 4 29 61
12 2 2 5 28 67
12 1 3 1 25 68
12 1 3 2 29 64
12 1 3 3 33 87
12 1 3 4 32 89
12 1 3 5 32 87
12 2 3 1 59 122
12 2 3 2 29 98
12 2 3 3 40 107
12 2 3 4 31 94
12 2 3 5 37 107
12 1 4 1 32 73
12 1 4 2 31 71
12 1 4 3 85 128
12 1 4 4 40 86
12 1 4 5 43 82
12 2 4 1 43 98
12 2 4 2 45 96
12 2 4 3 60 106
12 2 4 4 42 85
12 2 4 5 43 91
12 1 5 1 43 89
12 1 5 2 33 77
12 1 5 3 31 74
12 1 5 4 28 75
12 1 5 5 25 78
12 2 5 1 39 96
12 2 5 2 38 111
12 2 5 3 20 92
12 2 5 4 41 102
12 2 5 5 29 102
12 1 6 1 62 115
12 1 6 2 58 105
12 1 6 3 47 105
12 1 6 4 47 96
12 1 6 5 58 112
12 2 6 1 49 116
12 2 6 2 46 113
12 2 6 3 45 102
12 2 6 4 47 107
12 2 6 5 38 99
12 1 7 1 17 59
12 1 7 2 24 61
12 1 7 3 22 60
12 1 7 4 24 62
12 1 7 5 28 59
12 2 7 1 35 75
12 2 7 2 29 70
12 2 7 3 36 74
12 2 7 4 31 78
12 2 7 5 28 71
12 1 8 1 33 88
12 1 8 2 31 92
12 1 8 3 30 90
12 1 8 4 33 95
12 1 8 5 34 94
12 2 8 1 34 89
12 2 8 2 35 89
12 2 8 3 30 90
12 2 8 4 33 93
12 2 8 5 21 85
12 1 9 1 53 124
12 1 9 2 47 131
12 1 9 3 59 141
12 1 9 4 37 116
12 1 9 5 36 130
12 2 9 1 33 123
12 2 9 2 63 159
12 2 9 3 63 152
12 2 9 4 38 117
12 2 9 5 54 131
12 1 10 1 24 77
12 1 10 2 39 98
12 1 10 3 33 94
12 1 10 4 33 94
12 1 10 5 26 84
12 2 10 1 27 87
12 2 10 2 26 90
12 2 10 3 20 85
12 2 10 4 22 81
12 2 10 5 38 102
12 1 11 1 41 86
12 1 11 2 39 97
12 1 11 3 50 101
12 1 11 4 41 93
12 1 11 5 49 103
12 2 11 1 16 75
12 2 11 2 19 77
12 2 11 3 16 73
12 2 11 4 13 72
12 2 11 5 16 77
12 1 12 1 30 91
12 1 12 2 36 103
12 1 12 3 33 94
12 1 12 4 42 107
12 1 12 5 45 117
12 2 12 1 30 95
12 2 12 2 17 78
12 2 12 4 35 100
12 2 12 5 48 124
12 1 13 1 42 84
12 1 13 2 27 68
12 1 13 3 37 77
12 1 13 4 33 82
12 1 13 5 30 68
12 2 13 1 22 67
12 2 13 2 33 73
12 2 13 3 28 64
12 2 13 4 29 67
12 2 13 5 23 57
12 1 14 1 29 76
12 1 14 2 44 92
12 1 14 3 31 82
12 1 14 4 29 80
12 1 14 5 27 67
12 2 14 1 24 76
12 2 14 2 37 85
12 2 14 3 34 85
12 2 14 4 34 90
12 2 14 5 19 68
12 1 15 1 16 68
12 1 15 2 32 86
12 1 15 3 48 99
12 1 15 4 24 76
12 1 15 5 23 73
12 2 15 1 21 71
12 2 15 2 18 70
12 2 15 3 16 74
12 2 15 4 24 87
12 2 15 5 25 78
12 1 16 1 25 60
12 1 16 2 26 58
12 1 16 3 23 61
12 1 16 4 22 58
12 1 16 5 36 71
12 2 16 1 21 61
12 2 16 2 23 63
12 2 16 3 28 66
12 2 16 4 32 73
12 2 16 5 28 65
12 1 17 1 33 80
12 1 17 2 26 69
12 1 17 3 30 74
12 1 17 4 23 64
12 1 17 5 21 67
12 2 17 1 21 69
12 2 17 2 15 65
12 2 17 3 32 88
12 2 17 4 22 74
12 2 17 5 32 86
12 1 18 1 27 68
12 1 18 2 25 65
12 1 18 3 25 63
12 1 18 4 30 65
12 1 18 5 30 65
12 2 18 1 30 62
12 2 18 2 57 89
12 2 18 3 24 62
12 2 18 4 25 63
12 2 18 5 31 75
12 1 19 1 61 145
12 1 19 2 58 138
12 1 19 3 54 151
12 1 19 4 64 183
12 1 19 5 67 160
12 2 19 1 74 181
12 2 19 2 56 169
12 2 19 3 38 132
12 2 19 4 48 143
12 2 19 5 36 135
12 1 20 1 24 95
12 1 20 2 26 95
12 1 20 3 37 104
12 1 20 4 26 94
12 1 20 5 29 88
12 2 20 1 38 109
12 2 20 2 12 76
12 2 20 3 26 99
12 2 20 4 17 100
12 2 20 5 22 106
13 1 1 1 28 57
13 1 1 2 20 46
13 1 1 3 23 52
13 1 1 4 25 54
13 1 1 5 26 55
13 2 1 1 20 48
13 2 1 2 13 37
13 2 1 3 24 48
13 2 1 4 40 64
13 2 1 5 21 48
13 1 2 1 47 69
13 1 2 2 38 64
13 1 2 3 26 51
13 1 2 4 30 51
13 1 2 5 28 52
13 2 2 1 23 34
13 2 2 2 30 59
13 2 2 3 20 45
13 2 2 4 23 48
13 2 2 5 23 30
13 1 3 1 41 81
13 1 3 2 36 77
13 1 3 3 35 73
13 1 3 4 35 74
13 1 3 5 42 79
13 2 3 1 25 66
13 2 3 2 20 76
13 2 3 3 30 73
13 2 3 4 43 92
13 2 3 5 54 100
13 1 4 1 42 72
13 1 4 2 38 66
13 1 4 3 31 57
13 1 4 4 40 65
13 1 4 5 71 97
13 2 4 1 56 87
13 2 4 2 31 57
13 2 4 3 32 57
13 2 4 4 81 104
13 2 4 5 44 65
13 1 5 1 58 88
13 1 5 2 74 102
13 1 5 3 73 110
13 1 5 4 68 122
13 1 5 5 47 96
13 2 5 1 42 86
13 2 5 2 46 91
13 2 5 3 60 99
13 2 5 4 36 79
13 2 5 5 61 96
13 1 6 1 51 84
13 1 6 2 28 79
13 1 6 3 43 83
13 1 6 4 59 103
13 1 6 5 41 74
13 2 6 1 56 96
13 2 6 2 75 109
13 2 6 3 61 98
13 2 6 4 58 97
13 2 6 5 50 88
13 1 7 1 29 60
13 1 7 2 28 58
13 1 7 3 28 54
13 1 7 4 32 59
13 1 7 5 22 49
13 2 7 1 24 56
13 2 7 2 24 58
13 2 7 3 24 56
13 2 7 4 17 47
13 2 7 5 22 50
13 1 8 1 34 66
13 1 8 2 26 63
13 1 8 3 35 73
13 1 8 4 31 76
13 1 8 5 26 75
13 2 8 1 30 68
13 2 8 2 25 64
13 2 8 3 26 64
13 2 8 4 27 66
13 2 8 5 33 65
13 1 9 1 107 155
13 1 9 2 52 107
13 1 9 3 49 100
13 1 9 4 52 109
13 1 9 5 46 106
13 2 9 1 41 90
13 2 9 2 39 104
13 2 9 3 52 103
13 2 9 4 42 89
13 2 9 5 62 106
13 1 10 1 48 93
13 1 10 2 45 85
13 1 10 3 48 93
13 1 10 4 29 70
13 1 10 5 48 83
13 2 10 1 32 63
13 2 10 2 19 54
13 2 10 3 31 69
13 2 10 4 34 73
13 2 10 5 34 74
13 1 11 1 88 125
13 1 11 2 42 79
13 1 11 3 49 85
13 1 11 4 41 78
13 1 11 5 53 96
13 2 11 1 31 67
13 2 11 2 38 80
13 2 11 3 28 79
13 2 11 4 34 75
13 2 11 5 23 65
13 1 12 1 38 92
13 1 12 2 27 81
13 1 12 3 39 84
13 1 12 4 33 86
13 1 12 5 31 79
13 2 12 1 37 86
13 2 12 2 37 95
13 2 12 3 22 76
13 2 12 4 24 81
13 2 12 5 19 75
13 1 13 1 31 58
13 1 13 2 28 54
13 1 13 3 26 53
13 1 13 4 27 53
13 1 13 5 27 52
13 2 13 1 18 43
13 2 13 2 38 65
13 2 13 3 27 52
13 2 13 4 33 63
13 2 13 5 29 59
13 1 14 1 42 72
13 1 14 2 28 57
13 1 14 3 40 73
13 1 14 4 31 64
13 1 14 5 34 63
13 2 14 1 39 72
13 2 14 2 37 71
13 2 14 3 43 76
13 2 14 4 36 72
13 2 14 5 37 73
13 1 15 1 28 65
13 1 15 2 28 65
13 1 15 3 33 70
13 1 15 4 25 61
13 1 15 5 24 62
13 2 15 1 25 58
13 2 15 2 25 55
13 2 15 3 32 65
13 2 15 4 16 50
13 2 15 5 28 61
13 1 16 1 25 55
13 1 16 2 26 52
13 1 16 3 23 47
13 1 16 4 26 57
13 1 16 5 25 56
13 2 16 1 26 52
13 2 16 2 24 51
13 2 16 3 25 49
13 2 16 4 29 55
13 2 16 5 27 55
13 1 17 1 51 89
13 1 17 2 43 72
13 1 17 3 46 73
13 1 17 4 40 69
13 1 17 5 44 70
13 2 17 1 31 71
13 2 17 2 22 58
13 2 17 3 24 59
13 2 17 4 23 58
13 2 17 5 18 51
13 1 18 1 24 50
13 1 18 2 24 49
13 1 18 3 24 50
13 1 18 4 26 54
13 1 18 5 24 51
13 2 18 1 31 52
13 2 18 2 25 50
13 2 18 3 15 35
13 2 18 4 25 47
13 2 18 5 46 71
13 1 19 1 75 127
13 1 19 2 56 116
13 1 19 3 52 120
13 1 19 4 52 114
13 1 19 5 57 120
13 2 19 1 51 110
13 2 19 2 54 112
13 2 19 3 44 106
13 2 19 4 57 115
13 2 19 5 40 97
13 1 20 1 37 84
13 1 20 2 33 88
13 1 20 3 28 74
13 1 20 4 34 66
13 1 20 5 28 70
13 2 20 1 12 66
13 2 20 2 18 74
13 2 20 3 19 70
13 2 20 4 14 37
13 2 20 5 14 51
14 1 1 1 24 53
14 1 1 2 24 60
14 1 1 3 36 68
14 1 1 4 45 83
14 1 1 5 23 62
14 2 1 1 13 47
14 2 1 2 26 58
14 2 1 3 25 57
14 2 1 4 27 66
14 2 1 5 12 44
14 1 2 1 36 61
14 1 2 2 19 54
14 1 2 3 23 49
14 1 2 4 27 50
14 1 2 5 17 49
14 2 2 1 17 43
14 2 2 2 27 56
14 2 2 3 20 52
14 2 2 4 13 50
14 2 2 5 15 63
14 1 3 1 21 59
14 1 3 2 22 57
14 1 3 3 37 87
14 1 3 4 22 65
14 1 3 5 28 71
14 2 3 1 19 62
14 2 3 2 29 68
14 2 3 3 15 62
14 2 3 4 4 64
14 2 3 5 22 81
14 1 4 1 33 63
14 1 4 2 33 67
14 1 4 3 32 59
14 1 4 4 30 60
14 1 4 5 33 57
14 2 4 1 56 86
14 2 4 2 11 48
14 2 4 3 35 71
14 2 4 4 24 61
14 2 4 5 33 74
14 1 5 1 48 80
14 1 5 2 35 68
14 1 5 3 54 80
14 1 5 4 51 79
14 1 5 5 32 68
14 2 5 1 24 62
14 2 5 2 27 69
14 2 5 3 31 67
14 2 5 4 40 79
14 2 5 5 31 71
14 1 6 1 43 82
14 1 6 2 37 83
14 1 6 3 39 92
14 1 6 4 45 100
14 1 6 5 63 114
14 2 6 1 77 141
14 2 6 2 58 112
14 2 6 3 38 98
14 2 6 4 53 108
14 2 6 5 33 102
14 1 7 1 53 89
14 1 7 2 21 51
14 1 7 3 16 46
14 1 7 4 17 49
14 1 7 5 23 47
14 2 7 1 15 51
14 2 7 2 21 55
14 2 7 3 16 48
14 2 7 4 16 49
14 2 7 5 27 55
14 1 8 1 66 127
14 1 8 2 30 74
14 1 8 3 30 85
14 1 8 4 44 89
14 1 8 5 28 76
14 2 8 1 27 71
14 2 8 2 24 80
14 2 8 3 31 87
14 2 8 4 51 102
14 2 8 5 26 92
14 1 9 1 63 140
14 1 9 2 38 90
14 1 9 3 31 93
14 1 9 4 34 78
14 1 9 5 34 91
14 2 9 1 35 77
14 2 9 2 18 78
14 2 9 3 29 78
14 2 9 4 20 76
14 2 9 5 24 81
14 1 10 1 17 59
14 1 10 2 26 57
14 1 10 3 24 60
14 1 10 4 17 63
14 1 10 5 18 65
14 2 10 1 25 75
14 2 10 2 17 60
14 2 10 3 18 58
14 2 10 4 23 62
14 2 10 5 19 59
14 1 11 1 27 69
14 1 11 2 40 77
14 1 11 3 30 74
14 1 11 4 55 112
14 1 11 5 53 102
14 2 11 1 28 60
14 2 11 2 42 91
14 2 11 3 36 95
14 2 11 4 5 71
14 2 11 5 13 96
14 1 12 1 37 76
14 1 12 2 33 75
14 1 12 3 31 74
14 1 12 4 30 66
14 1 12 5 31 73
14 2 12 1 23 65
14 2 12 2 23 70
14 2 12 3 22 75
14 2 12 4 18 65
14 2 12 5 12 62
14 1 13 1 35 69
14 1 13 2 31 65
14 1 13 3 30 73
14 1 13 4 31 77
14 1 13 5 25 57
14 2 13 1 28 65
14 2 13 2 14 54
14 2 13 3 19 63
14 2 13 4 18 54
14 2 13 5 21 66
14 1 14 1 27 59
14 1 14 2 31 70
14 1 14 3 19 61
14 1 14 4 29 66
14 1 14 5 45 86
14 2 14 1 33 74
14 2 14 2 26 74
14 2 14 3 18 64
14 2 14 4 22 63
14 2 14 5 16 68
14 1 15 1 28 70
14 1 15 2 30 69
14 1 15 3 22 70
14 1 15 4 25 70
14 1 15 5 26 74
14 2 15 1 12 56
14 2 15 2 9 44
14 2 15 3 12 53
14 2 15 4 20 60
14 2 15 5 17 59
14 1 16 1 14 42
14 1 16 2 21 52
14 1 16 3 21 45
14 1 16 4 22 45
14 1 16 5 21 50
14 2 16 1 14 50
14 2 16 2 18 62
14 2 16 3 15 54
14 2 16 4 19 57
14 2 16 5 17 58
14 1 17 1 42 87
14 1 17 2 39 70
14 1 17 3 33 65
14 1 17 4 41 73
14 1 17 5 27 72
14 2 17 1 33 72
14 2 17 2 14 47
14 2 17 3 14 55
14 2 17 4 11 62
14 2 17 5 14 60
14 1 18 1 14 47
14 1 18 2 25 68
14 1 18 3 13 48
14 1 18 4 17 52
14 1 18 5 15 58
14 2 18 1 16 55
14 2 18 2 13 51
14 2 18 3 25 67
14 2 18 4 12 51
14 2 18 5 0 32
14 1 19 1 13 100
14 1 19 2 58 138
14 1 19 3 38 88
14 1 19 4 47 95
14 1 19 5 36 86
14 2 19 1 14 84
14 2 19 2 24 99
14 2 19 3 27 73
14 2 19 4 25 93
14 2 19 5 15 89
14 1 20 1 24 55
14 1 20 2 43 81
14 1 20 3 19 52
14 1 20 4 27 63
14 1 20 5 21 62
14 2 20 1 11 55
14 2 20 2 10 54
14 2 20 3 0 42
14 2 20 4 9 54
14 2 20 5 0 45
1 1 3 1 2 35
1 1 4 1 0 16
1 1 7 2 75 100
1 1 13 2 40 73
1 2 5 1 0 23
1 1 13 3 32 52
1 1 13 4 20 48
1 2 5 3 0 19
1 2 5 4 0 22
1 2 5 5 2 24
3 2 10 3 49 75
6 1 6 1 55 96
6 2 12 2 22 56
11 2 10 4 54 108
11 2 10 5 38 54
12 2 12 3 50 124
